Id,ArrM1,ArrM2,ArrM3,ArrAvg,ArrStd,ArrCv,ArrSkewness,SrvM1,SrvM2,SrvM3,SrvAvg,SrvStd,SrvCv,SrvSkewness,Rho,NetSize,Capacity,NumPackets,DelayAvg,DelayStd,DeliveryProb
0,25.709199499998434,37131.84799728681,74798728.80037913,25.709199499998434,190.97351925949337,7.4282172519414695,10.332964880357412,0.5104623735820905,8.879458352348458,3780.6241354506524,0.5104623735820905,2.9357940182351685,5.75124469534099,148.88555729530464,0.019855241839876095,3.0,6.0,100000.0,3.1698656324699512,22.61436024968796,0.9867896036881106
1,21.335844156892495,24376.409242269438,199777461.76596034,21.335844156892495,154.66476973241913,7.249057904393018,53.580858852279235,0.9710437748445571,49.69004731278385,25532.16344772349,0.9710437748445571,6.981913870860875,7.190112383943275,74.59784092427536,0.04551232037992102,1.0,9.0,100000.0,1.8247809044356007,19.562157028411526,0.996689933798676
2,40.542987028995725,51883.68283825265,1097714443.9615722,40.542987028995725,224.14269794267074,5.528519587922007,96.93145764578388,0.7418055050762025,18.393257240362715,8890.947123238719,0.7418055050762025,4.22409538635213,5.694343540788642,117.43103576153217,0.018296764975547424,18.0,6.0,100000.0,19.550395424128393,162.7802000162364,0.982069820698207
3,44.85027618546988,83193.51090466364,3250100149.6425433,44.85027618546988,284.9244875940829,6.352792264106274,140.0339252686739,0.9114157972171913,21.433570945130384,8297.154965989886,0.9114157972171913,4.539040888746579,4.980208706723701,88.11266250711489,0.02032129731928969,2.0,10.0,100000.0,3.0383727972134373,44.863770166469884,0.998639986399864
4,30.534978029808787,46695.57988960318,1346766450.444737,30.534978029808787,213.9233390874457,7.005845521768836,137.13699180064313,0.8806630905653459,25.403439186638238,5798.687406374863,0.8806630905653459,4.962647650957514,5.6351261953895655,46.906918947922094,0.028841124094002194,7.0,10.0,100000.0,16.571296753199285,111.27215690719203,0.9725894517890358
5,34.64147326320078,42578.97419684302,405267470.1923874,34.64147326320078,203.41814699529135,5.872098609945091,47.63155110193426,0.7067282690690146,30.104712922803582,7316.958150171548,0.7067282690690146,5.441070489940587,7.6989569090086105,45.031323315482425,0.020401218611558407,1.0,10.0,100000.0,1.2662499031868286,10.826127865185883,0.999649996499965
6,20.344314209116668,19929.86400328393,243288827.0263332,20.344314209116668,139.699580824871,6.866762840414104,88.79535886025096,0.9454740558123955,33.55408035110515,7497.858946960135,0.9454740558123955,5.714906749973337,6.044488174837142,39.669890857693154,0.046473626296467195,3.0,7.0,100000.0,6.552163481072244,43.21949912292777,0.979339793397934
7,41.79406564912729,94165.33036049918,622516454.129048,41.79406564912729,304.0042539784857,7.273861713542905,21.742011598886506,0.9672166612005404,20.451612843470645,5881.57132570914,0.9672166612005404,4.417703563364876,4.567439479259466,67.5514160327901,0.023142440109095656,18.0,9.0,100000.0,37.5398539138968,271.434067228292,0.9535190703814076
8,48.74606451362896,92075.98065344241,180566636.81975043,48.74606451362896,299.49925183191283,6.144070394609509,6.228666437009452,0.8875752476108353,23.48107914631167,6958.361302705936,0.8875752476108353,4.763747403687588,5.367147649183083,63.80121007205889,0.018208141651367103,9.0,10.0,100000.0,30.41747374552955,141.34997720761822,0.3184959247962398
9,42.52126179605217,111787.4283411813,671870076.7833693,42.52126179605217,331.63137764158097,7.799189479188287,18.034459489321705,0.8620397016796257,27.68560285539196,3311.1914639031943,0.8620397016796257,5.190615609744191,6.021318507292216,23.17424491956084,0.020273144898998754,7.0,6.0,100000.0,17.648651018388446,89.06261272073041,0.9261085221704434
